$ANSIBLE_VAULT;1.1;AES256
39323531333434326666643365616630623836366333616532346634636337333537306337336166
6363353039356264623261346462333035653232396562310a653633653935663562666333653661
62333264383664383331626430666631343031373361386562356234336161363062373364313434
3831346432643337650a366465326434343161313531646438626630363964656563623765323436
36346339613938366530386137383537663262666265623531306538633166343435396565366237
64363164633731633363336637636134646366306432306462316337633330373161353564303030
39616235626332376437386534353161313864313733393132396434313466636238663231613765
66666663613832373434653934373235636464393332663137326138303531393931366130353861
39346166656366643663396632323839363630393838363535393165313933626233333265616533
64316130613666616338613930313362653065343139333332373061653464653231643531613565
62386433323961633338623237363439346337306463653065393438376563333163343231633439
38363265386132636364393630386635336239313637383834623136653566353366323361353030
65396435353531316136333334343564336462393337383261353330326366623231303762373937
35366439363366356465613839396538363962623835663832383336323832396465353137653530
37323436336166393132313833383930643130386433653566343831313330336438366234633637
32366136373639633736313933373736646637376638616238623463633433663563396336363732
37303930333337323133666431333761313665393830653764613139633864396165343238363531
36666635313438303839303336326536643233323433613934643534353339353864303138636264
38633439666333653631636466623532356132633763663863653639323937356162626534333532
35336334663037666364626134396466616432386238313736396439626663633738393633363930
38396538343666346233323435373538656566306166383636636466663033363461313930313539
35643332396363656266383631663964653462336635383535383862386264346637383633633331
35626535333239343662336631383131613433646330656565316535313632646366376337613838
35303032333332663665336635643539666264643136336233393264666333623265323964393432
36623936396166323361663332393734646136363139306463366365616565616135623733623330
39663066663366346635343264313034343337383738343436353264343139363334306139306633
30633861616564366261656638366135393366376666373965623765353262373662326266316631
37316631323931623338363034626235626132366236333335663436663062303632343264373233
30373131376266343731343566396466613939353432646533373566343738316163383263323632
61643464363462326639656666633639626266643939613862653963336131613966316434386531
36656663313636313339353563623735303732323934656665396131366161393538636130643338
65613939353965623435386331346162396230343762656238376333333331376633633335636266
36616663356536316435303233343131623163663931313261623833343166316239623535336162
38363330623466363033656339306366323431383530653864353765653761613036613563306639
38346630313838353862386639316130393137303861373434363134383434356236623364626432
33333764376334363731663039323633643237663265383339356363326265623765663534386461
31643464313962303231313764363137626237383961353664323538356461383339373966356634
34356133383163616665386536333339373330336462643537663036653931656465366239386165
63313766316133663835623138666436346339376131646134643338343335653863393833323336
39623738313461646236643732346530316361353633306532383237333735346462633563303836
65643539396464353266656536613464653163346637663463633736356461616564393734306333
34346466613065303931373631656266656265303065386532313262666562623937626537373665
62326632613061376430306163393261643038613066326339613534343636303161333963303532
64623664623333363266316633373036323936666538363065326237356538343538623839663233
62386665323362383266356564376538363566333333383430326639343932313662666235623361
63646438656139616361363235316363363136313236656238346139376336663265373233626538
61646264383662346238386633323639343431616562623735623232366431653032393133323633
39636266643431363739303163343062623066336134313138393334643733636166333031333935
35386139373035653364363133613662393166656564333365303762646438356637396233613839
32613236326335633933346535666237643730313036653562393637346432343234336165643431
32633930323436316634616263353833386631323435643063653266643639613831316436666661
63623364303162386665643232343035636633646438383764663364626265373738313261343462
61323935383937313734303036653636366139343732633132373361343962313064623932656332
33303665323531633735663939613536376537643836333661616339373534623965653838316334
64666565396436373264666631333836343738303564316236363539613562383138646330353362
32383932613430633834343530633738633064626162323063363231633438343237323534396438
31653863303464323439383437326130336632656135316364616235623636383035616239376637
65666164363164393938393363663065336234633138653163343764346261666336666138396666
30653530363233643436383964653663366633393261623163643638303964366431353766663265
62623063323563623534633364346236643862663864333366303263363031343666306635396664
31373330623262376163336437343936666430393061366362376461643332643832316331353333
37663730386537653965626564303430316466663038333264373464386662633133663135643939
34643332333064383562643962386338383335393439633335383961656231356430353562663764
39393233353765363165633536343539363736336235313535363535313536396538303764373338
65333962333334353438333830323264356631376636386331666338376661663932363263376433
61616637366235346231393162313538326361663639303830376138656638323031393333383935
65653962643938316634323039623238666534613265363132646332393031313963626132356665
39333330636232303032613366666432656135323735383933323839383239303762373136623936
38393632363732353831666433306635346461626233333639633166613338656461623530623739
62303732386333383436363463616462326264346430363031356666653463343666333233393463
38666537306666343031393232376666666461396364383863386534626235343432643036303963
63313263306234653830623032663739653664313336313939323065643431393738356663613561
63393831363337373165613261373362633666643431363830643830373262303966636631343231
36613331333365316333336136323733316462646335363563373734376531633964353033383964
34353130636361653335323565613134353237633136316161366432636264616232636261623437
65303534316234653539353261356663643063613061636634326163323561323036313463653735
64623430383164313866353338303761323332633966663163613237333230373437653637326135
61323838393031346366333532363036396364613738336566303737343936656461653833363233
61623837663938383762383138643034396135623162653564333561376232333364366262383730
36666139636630393032633534346230633738373234663164646436373561366563623730626231
30333835383639366632383530306334646533303033613565376161343236313331316535376161
32383364356165646265316630616566623033313639363330653536613438323831343836323237
31383930323966323962316339663430383936393538366263326539373439353639313238326164
39373836393932356464623566306665333065333335646466323039356532376336636233376536
39353734313337303130323966663034393431636231653363313334353639336631393863656665
33633261396330656563343866663033353334303538386463326532343337313430323361366538
36383037303430363963333839633262363234356262366165613333343235656630343536616530
34623863313566643130323436306362643634666131393761623733666134336230326266353031
39326136373639366366376261306539333164643433396532323533626235333330653162623865
61373033663863663666663436376332613863306566383537616231616632663961383630336163
30366631323066393839633830633538343234306232616565333533303962623636383237646330
31376263343065373765616236643031646331646564613338393032343430386661636561646336
64393631333930313932653864323931353765623334313937306439656139303361306632623864
63366131656264303234663363333836643736366330353137633633613230636631336539653137
63366237653035613830346264393166363934636536363636323035353738663362346633326630
65613566396130306130326630313664393039643432663934343964313764356234653539613637
34633830346338613131346633373138336238343762333538313864366239313064326531623738
31343630636537353537636636633537316336353337343634313531303837396662306435396539
32363039313232316539613761373836613935643633613237333061623032363537666363366536
63336564653736646138383365323561336532333532663665376464623331363964623564393336
31333032313339656338353563666639646333393862383061663832646465303336386631373335
61326361333036323839313239363263366232643434333634626135636132633535323364653334
37646136383438313864386563623938636139623264396632343562633964356436333835303636
35383735383831636264363664383833643732656163643866623632333332613231373231303961
34356163356363383431383436373936643531646263663739653066323736323834356239376634
63376133393266623536613739333133366238336233666134306435393462326362353233356161
32333337353435353836353130396434633431613864663365653438306536656237373234323335
65643936316535323736303737636265383631646531396466616636646336376661656133313435
30636232346433336462316439373762643933353432313464363936333264653431653036326461
35616430376338633034326166656138313139326435653962373231396230366662663565383534
34313164313637643532383665396135313639343465353335363836613838343635306562313438
34383231316133613834333232633836306639366530346431633231383135636332646531343430
32663465383466393130613563646230623261343137633366386633663565393733333136613330
37613766666639656465613230376631353562343166353866373830336635326233313131323931
65633231346539623461626133663462666638303936323937656137666434633330323762333664
61653430343730633233383666653037643236306263353661616633373332303761366337663938
61366130633030336565643530653430333831373430376635306132333733616261316431643834
66643863326465316531623631393738366135656462666333376237306630356532613234356363
61323464613266333636666261376236633663653238313066376632343938356335663463353231
39396564303735613666636535623235313035323233663962353366316638623038333237353334
63393336626162376539376638303338373538646566303433373634633061393535363936386464
65363735393033623162616431656538343565396464376166356537386330316664636564653135
31373639623738313130336637663839393262393434306435656535623236646334346239353739
64616566633663646236636566306338623064336265656637383463353633653263306462373239
32613139653036306462623031353039636334343463623565353866383937333536656162373966
39353938333130333231303364373330373338636531303964326562363864383838643536363235
61373465386633336234396233363564316135316533333662356230336139373066396564306266
63306235396139616432323061303761633939363663373563343533333939373530663634346234
61376232303932373136303064393863343238616361356534306365363262636464366637343765
63386239633964386266396634653031623164646462303432313236623735396562626230613033
62316534613531333435636365393461656437666535336136313838666565316664663235623636
66393264363734343638316164373634333937643265356432656436346438383366316465653231
33636163353037353730333436363532326634666239373831353361646530316436643866383164
37303331353132393538376330323438333137303034613365323366373930376234316239653935
66633633666337393535633432396431366131383139383337666530346130353833393030333461
35386635393231623465
